cam0=[713.178 0 380.795; 0 713.178 208.427; 0 0 1]
cam1=[713.178 0 380.795; 0 713.178 208.427; 0 0 1]
doffs=0
baseline=57.8202
width=707
height=425
ndisp=707
